吉林省安庆市带岭区白渡桥143号博泰新苑
江西省安康市伊春区百安路（方泰镇）155号协通公寓
云南省鞍山市西林区白渡桥60号博泰新苑
黑龙江省巴中市乌马河区保定路74号和亭佳苑
湖北省安阳市金山屯区宝杨路2号博泰新苑
陕西省安阳市金山屯区板泉路15号复华城市花园
陕西省包头市红星区宝源路111号东新大厦
江苏省蚌埠市五营区保德路135号耀江花园
江西省白银市新青区保定路71号阳光翠竹苑
江苏省鞍山市西林区百官街15号溢盈河畔别墅
云南省宝鸡市汤旺河区安德路98号菊园五街坊
安徽省保山市榆次区安业路50号耀江花园
甘肃省白城市翠峦区安顺路11号阳光翠竹苑
山东省白城市翠峦区包头南路52号溢盈河畔别墅
云南省白银市新青区安龙路89号复华城市花园
黑龙江省安康市伊春区宝联路3号耀江花园
广东省白银市新青区安图路83号溢盈河畔别墅
贵州省白城市翠峦区澳门路177号博泰新苑
江西省保山市榆次区百官街88号住友嘉馨名园
福建省巴中市乌马河区保德路29号阳光翠竹苑
青海省巴中市乌马河区安边路150号和亭佳苑
海南省安顺市南岔区保屯路199号协通公寓
陕西省安康市伊春区宝山路197号金色家园
江苏省百色市上甘岭区安边路94号阳光翠竹苑
河南省包头市红星区安远路140号和亭佳苑
福建省包头市红星区半淞园路120号爱里舍花园
黑龙江省安阳市金山屯区百安路（方泰镇）161号东新大厦
河北省安阳市金山屯区安仁路176号菊园五街坊
辽宁省白银市新青区白城路70号住友嘉馨名园
湖北省巴中市乌马河区白玉路75号东新大厦

13308486229
13800227097
15906833300
13005970465
13702703267
13305565623
13208521022
13201136187
13800076117
13607217719
15303952543
13501441837
15704973880
15306016019
15805600210
13804107799
15805884820
13703107393
13302043409
15701801997
13502861400
13405603535
15208361492
13706268836
13108347713
15004355938
13807178970
13204713631
13705465747
15501426740
13508821890
15302964782
13005021301
15501215927
15706853372
13703183329
13602237230
13602686643
15601360152
13908449042
15805555860
15805656357
13007530150
15106607849
15907672301
13005062107
13600697636
15302661871
13108112111
15808691046
13501698469
13900102674
15702684028
15601001482
15300373916
13007668099
13307888446
15503042642
13706707825
13102993510
13203875531
13005554240
13305771566
13702527743
13103575110
13807576169
15608485835
15207925117
13905933418
15208465116
15602824687
13201324635
13705644596
15305168536
15800921182
15601718168
13206188530
15905221787
13100882896
15707727202
13207795604
13101382501
13103133694
15304706797
13802740867
13404577626
13106558281
13506125389
13200896979
13804592343
15801091889
15805383763
13202386265
13100850540
13100318585
15100592693
15204205531
13205916103
15902247201
15307174147
